[polyscope] Backend: openGL3_glfw -- Loaded openGL version: 4.1 Metal - 83
base_points_area new  [0.10882796 0.10882796 0.10882796 0.10882796 0.10882796 0.10882796
 0.10882796 0.10882796 0.10882796 0.10882796 0.10882796 0.10882796
 0.10882796 0.10882796 0.10882796 0.10882796 0.10882796 0.10882796
 0.10882796 0.10882796 0.10882796 0.10882796 0.10882796 0.10882796
 0.10882796 0.10882796 0.10882796 0.10882796 0.10882796 0.10882796
 0.10882796 0.10882796 0.10882796 0.10882796 0.10882796 0.10882796
 0.10882796 0.10882796 0.10882796 0.10882796 0.10882796 0.10882796
 0.10882796 0.10882796 0.10882796 0.10882796 0.10882796 0.10882796
 0.10882796 0.10882796 0.10882796 0.10882796 0.10882796 0.10882796
 0.10882796 0.10882796 0.10882796 0.10882796 0.10882796 0.10882796
 0.10882796 0.10882796 0.10882796 0.10882796 0.10882796 0.10882796
 0.10882796 0.10882796 0.10882796 0.10882796 0.10882796 0.10882796
 0.10882796 0.10882796 0.10882796 0.10882796 0.10882796 0.10882796
 0.10882796 0.10882796 0.10882796 0.10882796 0.10882796 0.10882796
 0.10882796 0.10882796 0.10882796 0.10882796 0.10882796 0.10882796
 0.10882796 0.10882796 0.10882796 0.10882796 0.10882796 0.10882796
 0.10882796 0.10882796 0.10882796 0.10882796 0.84178721 0.84178721]
np.sum(base_points_area) 12.566370614359176
wns on original points [1.19129402 1.18203256 1.185332   1.18307732 1.17524737 1.18865572
 1.18450567 1.18126103 1.18525326 1.18555969 1.18541484 1.17907782
 1.19229989 1.17984876 1.17340344 1.18621645 1.18632446 1.18611503
 1.18269868 1.17962243 1.1864167  1.17745514 1.18620387 1.1946771
 1.18015642 1.19139055 1.18202598 1.18522667 1.18287584 1.1749506
 1.18826279 1.18401382 1.18066556 1.18454727 1.18473386 1.19040578
 1.17872559 1.19194352 1.185357   1.17785145 1.18979323 1.18918206
 1.18837712 1.18446697 1.18098153 1.1874378  1.17819894 1.18672283
 1.19501727 1.18035889 1.19149269 1.18206241 1.18523016 1.182878
 1.17498245 1.18835512 1.18419733 1.18097035 1.18500151 1.18536044
 1.18526655 1.17243268 1.18414811 1.19001323 1.17184414 1.18479115
 1.1849823  1.18470726 1.18074874 1.18403887 1.18825182 1.17492755
 1.18286586 1.18525611 1.1821227  1.1915844  1.18048005 1.19516688
 1.18690111 1.17840767 1.18768092 1.18126618 1.18480518 1.18878873
 1.18969997 1.19047279 1.17878835 1.18672181 1.18671746 1.17877522
 1.19045069 1.18481986 1.18482101 1.1816043  1.17871235 1.18567472
 1.17686593 1.18575368 1.19435407 1.17995063 0.82308117 0.82308117]
sorted_wns on original points [1.19516688 1.19501727 1.1946771  1.19435407 1.19229989 1.19194352
 1.1915844  1.19149269 1.19139055 1.19129402 1.19047279 1.19045069
 1.19040578 1.19001323 1.18979323 1.18969997 1.18918206 1.18878873
 1.18865572 1.18837712 1.18835512 1.18826279 1.18825182 1.18768092
 1.1874378  1.18690111 1.18672283 1.18672181 1.18671746 1.1864167
 1.18632446 1.18621645 1.18620387 1.18611503 1.18575368 1.18567472
 1.18555969 1.18541484 1.18536044 1.185357   1.185332   1.18526655
 1.18525611 1.18525326 1.18523016 1.18522667 1.18500151 1.1849823
 1.18482101 1.18481986 1.18480518 1.18479115 1.18473386 1.18470726
 1.18454727 1.18450567 1.18446697 1.18419733 1.18414811 1.18403887
 1.18401382 1.18307732 1.182878   1.18287584 1.18286586 1.18269868
 1.1821227  1.18206241 1.18203256 1.18202598 1.1816043  1.18126618
 1.18126103 1.18098153 1.18097035 1.18074874 1.18066556 1.18048005
 1.18035889 1.18015642 1.17995063 1.17984876 1.17962243 1.17907782
 1.17878835 1.17877522 1.17872559 1.17871235 1.17840767 1.17819894
 1.17785145 1.17745514 1.17686593 1.17524737 1.17498245 1.1749506
 1.17492755 1.17340344 1.17243268 1.17184414 0.82308117 0.82308117]
mean_wns on original points: 1.1771962395674977
wns on original points: 1.1951668779882427
mean_wns on matched_vertices: 0.152371422917328
wns on matched_vertices: 11.756045368796084
